021720368
02172040
02172053
02175000
02175500
02197500
02198000
02198100
02200120
02201000
02212735
02223056
02344872
02414715
02415000
02424000
02465493
02484000
07288700
07288847
07289460
07344500
07346450
07348700
07349450
07364078
07364200
07364203
07364300
07367690
07369700
08044800
08053000
08053009
08053090
08055000
08055500
08061000
08061480
08061540
08061548
08079600
08080500
08087300
08088000
08123620
08395500
08484500
09430500
09442000
09444500
09447000
09447800
11023340
11028500
330304090210100
02171905
02172020
02172035
021973269
02197598
02197830
02211800
02212600
02223000
02338840
02346310
02414500
02423647
02448000
02465292
07287400
07287404
07287405
07289350
07344370
07344493
07367680
07369680
08017200
08044500
08052780
08053500
08059590
08080505
08361000
08394500
08481500
09430030
09430600
09466500
09469500
09474000
09475500
09479350
09519800
10254730
10255550
11025500
11027000
02136361
02171700
02172002
02210500
02211375
02220900
02221525
02338500
02338660
02344424
02344478
02344500
02344700
02406930
02407000
02407514
02407526
0242354750
02423555
02423630
02444160
02444161
02446500
02462951
02462952
02465000
02465005
07342465
07342470
07342480
07343450
07343500
07343840
07344210
07364185
08042800
08044000
08052700
08052745
08053430
08058900
08059000
08059350
08059400
08082700
08387000
08390800
08394024
08394033
08480595
09430010
09430020
09444000
09444200
09446500
09468500
09489000
09517490
09519000
09519501
09527594
10255810
11042000
11045600
11045700
11046000
11046050
11046100
02110815
02171000
02171001
02171500
02171645
02173000
02173030
02173051
02173299
02196820
021968385
02197000
02197020
02338523
02344350
02344396
02344605
02344620
02344630
02344655
02344673
02405500
02406500
02413300
02423414
02423425
02423496
02423500
02423586
02461500
02462000
02462500
02462501
07287150
07288650
07342500
07343200
07344100
07362100
08051135
08051500
08082000
08359500
08386505
08387550
08387575
08387600
08390500
08393610
09429190
09429200
09429210
09429220
09429230
09446320
094985005
09498501
09512162
09512165
09512200
09514100
09517000
10254050
11042400
11042631
11044250
11044300
11044350
11044800
11045300
11046360
021108125
02136010
02172558
02173500
02195520
02196485
02196670
02196690
02204130
02204285
02204520
02208000
02209000
02209360
02220788
02337498
02337500
02338000
02344724
02404400
02413000
02413210
02423380
02423397
02423400
02423571
02441000
02441300
02441390
02443000
02443500
02457595
02458148
02458190
02458300
02458450
02458502
02458600
02464000
07288500
07288521
07288580
07332605
07337000
07343000
07343356
07362000
08050800
08050840
08079510
08082500
08360000
08386000
09429155
09429160
09429170
09429180
09489500
09498400
09498502
09502000
09511300
09527597
10259540
11042700
11042800
11042900
11043000
11044000
11046300
11046530
11047300
333420090445900
02110725
02110802
02135200
02136000
02169810
02173212
02193340
02193500
02195320
02196000
02203603
02203655
02203700
02203831
02203863
02203873
02203900
02203960
02203970
02204010
02204037
02204070
02207300
02207335
02207418
02207435
02207448
02208450
02208485
02208487
02208493
02218300
02219500
02337040
02337170
02337410
02344143
02403310
02412000
02423110
02423130
02423160
02440500
02455980
02456500
02457704
07281600
07311800
07311900
07314500
07316000
07332620
07336820
07341500
07363500
07364150
08050350
08050400
08358300
08358400
09429000
09429070
09429100
09429130
09442681
09490500
09498500
09510180
09510200
09513860
10259200
11048200
11048600
11070465
11070500
11075800
333601090450000
02110550
02110701
02110704
02110755
02110760
02110770
02110777
02135501
02169625
02169672
02172300
02203950
02203957
02206465
02207000
02207120
02207130
02207135
02207160
02207185
02207200
02207220
02207385
02207400
02218900
02219000
02336000
02336120
02336152
023362075
023362095
02336240
02336300
02336313
02336410
02336490
02336526
02336635
02336728
02336840
02336870
02336910
02336968
02336986
02337000
02401390
02401895
02411930
02437100
02437600
02439400
02440000
02440400
02453500
02454055
02455185
02456000
07281960
07282000
07282100
07285500
07288280
07311630
07311700
07312100
07312110
07314900
07315200
07315510
07315525
07331600
07332622
07332655
07362500
07364133
09429030
09492400
09494000
09497500
09497800
09497980
09498503
09510000
09510170
10257720
10258000
10258500
10258700
10259000
10259050
10259100
10259300
11069500
11070150
11070210
11070270
11070365
11071760
11071900
11077500
11078000
02110400
02110500
02168810
02169500
02169505
02169506
02169570
02192000
02205522
02205596
02205865
02206105
02206136
02208050
02208130
02208150
02217500
02217770
02335000
02335350
02335450
02335777
02335778
02335779
02335815
023358685
02335870
02335880
02335910
02335990
02336030
02336093
02336321
02336340
02336360
02393419
02394820
02397410
02401330
02437000
02450180
02453000
07280400
07283000
07311600
07312200
07312330
07312500
07312610
07315500
07315650
07332500
07335500
07338500
07340000
07341200
07364122
07364130
08355490
09428510
09496500
09499000
09512280
09513780
09516500
10256000
10256500
10256501
10256550
10257499
10257500
10257501
10257548
10257549
10257550
10257600
11066460
11072100
11073495
11074000
11075720
11088500
11089500
02109500
02131510
02132000
02135000
02162035
02162093
02167600
02167705
02167716
02168500
02168501
02168504
02168900
02169000
021695045
02169568
02191300
02192500
02205000
02205230
02217274
02217297
02217475
02218565
02334480
02334578
02334620
02334652
02334653
02334654
02334885
02335700
02335757
02335790
02392780
02392920
02392950
02392975
02393377
02394682
02397500
02400100
02400496
02400500
02401000
02433496
02433500
02436000
02436500
02438000
02439980
02449882
02450825
02455000
07280400
07288068
07308500
07312700
07315700
07335300
07337900
07339000
07339500
07340500
07341000
07361500
07363200
08355050
08385630
09383300
09383400
09383409
09428505
09508500
09512800
10255890
10255895
10255897
10255900
11049500
11051499
11051500
11051502
11052500
11052790
11055000
11055500
11057500
11059300
11060400
11065000
11066320
11073300
11073360
11085000
11087020
11101250
11102300
340229116510601
340242116492901
02130980
02131000
02131010
02131500
02134900
02148000
02160990
02160991
02161000
02166500
02166501
021668000
02167000
02167450
02167582
02188600
02217615
02217643
02334401
02334430
02335580
02388525
02391840
02391860
02392000
02392360
02393501
02394000
02394670
02395000
02395120
02395980
02395996
02397000
02397530
02399500
02431000
02432500
02435020
02449838
07274251
07274252
07275500
07275530
07280010
07288000
07288048
07308200
07311500
07313585
07331000
07331383
07334800
07336200
07363400
08080700
08354900
09390500
09426000
09426620
09428500
09497700
09508000
09508300
11049250
11055700
11055800
11055801
11058000
11058500
11058600
11060900
11061000
11062000
11062001
11062399
11062400
11062402
11062450
11062700
11062800
11063510
11063680
11092450
11097000
11098000
02130810
02130910
02147659
02163500
021650905
02187910
02191200
02191227
02388320
02388350
02388500
02388985
02389050
02389150
02390050
02390140
02391540
02398037
02398300
02399200
02430615
02430880
02450250
03572900
03576500
07263650
07273100
07274000
07299670
07311000
07311240
07331205
07331300
07332390
07334000
07340300
07359610
07360200
08385522
09384000
09384600
09424150
09424900
09426650
09427520
09507480
09507980
09512500
10260500
10260550
10260700
10260820
10260950
11118500
02105769
02130900
02131472
02132500
02134500
02160700
02165200
021652801
02333500
02382200
02387520
02387600
02388975
02390000
02398000
02398950
02400680
02430085
02430161
02430680
03572690
03592000
07047970
07264500
07267000
07268000
07268500
07301110
07307028
07312920
07313000
07329780
073298507
07329852
07331185
07331200
07331295
07332348
07334428
07335840
07338750
07355870
07358250
07358253
07358257
07358284
07358550
07359002
07363054
08332010
08353000
08385000
08385503
09385700
09424450
09506000
09507580
09512450
10263500
11109000
11109600
11109800
11113000
11113500
11114495
11119500
11119745
11119750
11119940
11120000
11120500
11120520
11121900
11122010
11123000
02108566
02130561
02130840
021313485
02131452
02131455
02134170
02147403
02147500
021564493
02156500
02160105
02163001
02164110
02186702
02331000
023312495
02331600
02379000
02381401
02381600
02382500
02383500
02383520
02387010
02387500
02429900
02429980
03574500
03575500
0357568980
03575700
03577150
03592500
07277700
07277730
07298500
07299540
07305000
07307010
07309990
07329700
07332307
07335700
07335790
07356000
07363000
08331510
08384500
09386030
09386300
09397500
09424447
09424580
09424600
09502960
09503000
09503300
09504950
09505800
10261500
10264530
11109550
11111500
11123500
11124500
11125600
11125605
11126000
11128250
11128500
11129800
11132500
11133000
02092760
02106500
02130000
02132320
02133624
02134480
02160000
02160381
02160390
02180400
02181350
02181580
02330450
02379500
02380500
02381090
02385170
02385500
02385800
02387000
03558000
03575100
0357526200
03575272
0357568650
03575830
0357586650
0357587090
0357587140
0357587400
0357587728
03575890
0357591500
03575950
03575980
03576250
03577225
03586500
03589500
07077000
07247250
07263450
07263451
07263500
07263555
07263580
07264000
07269000
07328500
07362579
07362587
08383500
09394500
09424000
09504500
09505200
09505350
10264560
11109395
11134000
11134500
11135800
11136100
344108083090600
02093000
02105500
02108000
02129375
02147020
021473428
021473470
02156370
02157000
02158408
02160325
02160326
021603273
02162500
02164000
02177000
02178400
02186000
02384500
02384540
03544970
03550500
03566700
03568933
03574100
03574768
03590000
03592718
07247000
07247015
07247500
07261500
07263000
07263295
07263296
072632962
072632966
072632971
072632982
07263300
07275900
07295450
07295500
07297910
07300500
07302520
07303000
07327442
07327447
07328100
08331160
09397000
09397300
09399400
09423500
09423550
09423560
09502800
09502900
09503700
09504000
09504420
10262500
10262600
11136600
11138500
11140000
11141050
02092500
02092554
02104000
02104220
0212880025
02129000
02133500
021457492
02145910
021459367
02146000
02146110
02146750
0214676115
02146800
0214685800
021473415
021473426
02153551
02153700
021556524
021556525
02156300
02157510
02162287
02162290
02176930
02185010
03559500
03566420
03567340
03567500
03568400
0357479650
03584600
03588500
07029270
07030392
07030500
07032200
07047950
07077555
07229200
07229300
07231000
07231500
07260000
07260500
07263012
07295400
07299890
07300000
07303400
07327550
07328180
08330200
08330600
08330775
08330875
08382650
08382830
09400350
09400815
09424380
10263000
11136800
11140585
02102908
02103000
0212467451
0212467595
02126000
02126375
0214297160
02146300
02146330
02146348
02146381
02146420
02146449
0214645022
0214645075
0214645080
02146470
02146507
02146530
0214655255
02146562
0214657975
02146600
02146614
02146670
0214668150
02146700
0214678175
02153200
02153590
02154500
02154790
02154950
02155500
02162350
021623950
021623957
021623975
03439000
03500000
0350011450
03504000
03550000
03569190
03582000
03584045
03593800
07030600
07031650
07031692
07031740
07032000
070322435
07032252
07047942
07076750
07229050
07230500
07249400
07249413
07258500
07301500
07325500
07326000
07326500
08329700
08329720
08329835
08329838
08329840
08329880
08329884
08329900
08329918
08329928
083299377
083299395
08330000
08343500
08379500
08382500
08382600
09386950
09396100
09423000
11137900
02089500
02091814
0209205053
0212378405
0212414900
02124269
0212427947
0212430293
0212430653
0212433550
0212466000
02142900
02142914
0214291555
0214295600
02144000
02145000
02145268
02146211
0214627970
02146285
02146315
0214640410
02146409
0214642825
0214643770
0214643820
0214643860
02151500
03441000
03443000
03501975
03505550
03508050
03565500
03566535
03571000
03578000
07029500
07030240
07030290
07074850
07074886
07076634
07228940
07230000
07241780
07241800
07242000
07245000
07260673
07260678
07261000
07261090
07261200
07301300
07301481
07325800
07325850
07325860
09386900
09423350
11141280
02089000
02091500
02102500
02123500
02124080
02128000
0214264790
02142654
0214265808
0214265828
0214266000
0214266080
0214267602
0214269560
02143500
02149000
02150495
02152474
03446000
0344632850
03447687
03455500
0345577330
03456100
03456500
03503000
03510577
03512000
03513000
0351706800
03518500
03578500
03596075
07076517
07076530
07224500
07226500
07227000
07227100
07249455
07250500
07250550
07250551
07257500
07257693
07260990
07301420
07325840
08317950
08319000
08328950
08329000
09404343
11192950
02084160
02084472
02087570
0208773375
02088000
02088500
02091000
02102192
0212393300
0212419274
02143040
02152100
03447890
03448050
0344878100
03451000
03451200
03456991
03543500
03596000
03597590
03597860
03598000
03598185
03599100
03599240
03599419
03599450
03604000
07075270
07075300
07076000
07194555
07198000
07227500
07228500
07239500
07239700
07240000
07240200
07241000
07241520
07241550
07249800
07249920
07249985
07251500
07252000
07257006
07301410
07324400
07325000
08317200
08340500
08382000
11192000
11192500
02084000
02084557
02087500
02087580
0208758850
02090380
02098206
02100500
02101800
02102000
02120780
02137727
02143000
03421000
0344894205
03450000
03451500
03459500
03460000
03469251
03497300
03594421
03599500
03600358
03601600
07027720
07030050
07074500
07074670
07075000
07221500
07227460
07227890
07239450
07242380
07243500
07250965
07250974
07316500
07324200
08313500
08314000
08315480
08316000
08317400
08324000
08334000
08378500
08380500
09400568
11147500
11148500
02081054
02081094
0208726005
02087275
0208731190
02087322
02087324
0208732534
0208732885
02087337
0208734210
0208734795
0208735012
0208735460
02087359
02088383
02096960
0209782609
0210166029
02101726
02116500
02118000
02121500
02138500
02138520
02140991
02141500
0214183365
0214192500
0214196125
0214244102
03453000
03453500
03460795
03463300
03498500
03498850
03538970
03601990
03604400
07028960
07040450
07047855
07055875
07061000
07074420
07077380
07077652
07159750
07165570
07194500
07197360
07227420
07239300
07250935
08294195
08294210
08302500
08308050
08313150
08377900
09401110
09404104
09404200
09404208
09404222
10251300
10251330
10251335
11148900
11149400
11189500
02081028
0208114150
02081942
0208250410
02082585
02083500
0208700550
02087183
02096846
0209722970
0209725960
02097280
02097314
0209734440
02097386
0209741387
0209741955
02097464
02097517
02111000
02142000
03419530
03427500
03428180
03428200
0343233905
03432350
03432400
034324146
03454500
03455000
03461500
03470000
034991109
03535400
03539600
03540500
03602500
03603000
07055646
07055790
07055792
07056000
07056515
07060710
07060728
07159100
07160000
07161450
07178645
07196500
07196900
07197000
07215500
07216500
07218000
07228000
08291000
08313000
09402000
10251290
11149900
11150500
11185500
11186000
11200800
02081022
0208111310
02081747
02082770
02085000
02085039
02085070
0208524975
02086624
0208675010
02086849
0208706575
02093877
02094659
02094770
02094775
02095000
02095181
02095271
02095500
0209553650
02096500
02099000
02111180
02115360
02118500
03423000
03424730
03430550
03431000
03431040
03431060
03431100
03431300
03431655
03433500
03434500
03466500
03467609
03495005
03495405
03535000
03535200
03538830
03539778
03539800
03605078
03606500
07024200
07024500
07047980
07048495
07048550
07048600
07048780
07055660
07055680
07056700
07060500
07072500
07074000
07160500
07164600
07165562
07165565
07194800
071948095
07195430
07195500
07196090
07196320
07214670
07214680
07239000
08290000
09401260
09402500
09403013
09403043
09404107
094196784
09419679
09419696
09419698
09419700
09419740
09419745
09419747
09419749
09419753
09419756
09419800
09421500
10251980
11203580
11204100
02081000
02081500
02082950
02083000
0208521324
0208524090
02085500
02086500
02093800
0209399200
02094500
0211139110
02111500
02112000
02112250
03424860
03425000
03425520
03430200
03430250
03430320
03431083
03431091
03431500
034315005
03431514
03431599
03431700
03431712
03465500
03466208
03479000
0347927164
07026040
07049000
07055565
07055607
07057370
07060000
07069000
07069500
07164500
07177650
07177800
07178000
07178200
07178452
07191500
07192100
07194906
07194933
07195000
07195400
07195800
07195855
07195865
07196000
07214470
07233500
07235000
07238000
08277470
08279000
08279500
08287000
09401265
09402300
09404110
09419659
09419665
094196781
094196783
11143000
11151870
11201456
11202000
11202710
11224500
02053200
02053500
02069000
02077200
0208062765
02114450
03161000
03408500
03409500
03415000
03418000
03426310
03426387
03426470
03426490
03431530
03431790
03431800
03435000
03436690
03485500
03486000
03491544
07049050
07054501
07054527
07059450
07064040
07069295
07069305
07072000
07153000
07160350
07176000
07177500
07191160
07191179
07191220
071912213
07191222
07191288
07194880
07208500
07211500
07235600
08275500
08276300
08276500
08286500
08289000
09403850
09404115
10251259
11151300
11152000
11152050
0204382800
02068500
02071000
02074000
02077303
02080500
02113850
03410210
03414500
03418224
03425622
03491000
03528000
07025400
07040100
07049691
07049698
07050500
07053250
07064000
07069220
07152500
07158000
07175500
07176500
07176950
07190100
07190500
07206000
07207000
07237500
08269000
08271000
09419530
09419625
11143200
11151700
11208600
11208730
11253310
02043269
02043390
02047370
02052090
02069700
02070000
02070500
02073000
02074500
02075045
02075500
02077670
02079500
03164000
03165000
03403910
03410500
03416000
03436100
03473000
03478400
03490000
03527000
03527220
03527620
03531500
03532000
03610000
07024000
07024175
07050152
07053450
07057500
07058000
07068000
07068510
07071500
07188653
07188838
07188885
07189000
07189540
07189542
07191000
07202500
07207500
08267500
08284100
08285500
09419000
11143250
11152300
11152500
11156500
11206820
11255575
363342076261100
02042822
0204288539
0204300267
0204309906
02043155
02047000
02049500
02050000
02051190
02051500
02052000
02071530
02072000
02072500
02076000
02077000
02079640
03313700
03400785
03400800
03402900
03404000
03413200
03414100
03438000
03471500
03475000
03610200
07040000
07052820
07053810
07054080
07054288
07063000
07150500
07151000
07174400
07174470
07174618
07176321
07189100
07203000
07232470
08263500
08265000
08266820
08282300
09357000
09364100
09364200
09364500
09365000
09367500
09367540
09367580
09368000
09415089
094150891
09415090
09415900
09415908
09415910
09415920
09415927
09416000
11152650
11157500
11253058
11253115
364145076245400
364259076262300
364312076211800
364314076211900
364336076231300
364336076231400
364355076245000
364700114080301
364723114054401
364731114045601
364737114050101
364757114024501
0204288721
0204288905
02042893
0204291317
02042928
0204293125
0204295505
0204297575
02045320
02045500
02047783
02066000
03165500
03313000
03314000
03400986
03401000
03403500
03404500
03414000
03414078
03437370
03437480
03437495
03437500
03473500
03474000
03488000
03524500
03524740
03529500
07039500
07043500
07052500
07148400
07149520
07152000
07154500
07157950
07171000
07185000
07185030
07185080
07185095
07234000
08252500
08253000
08253500
08254000
09355500
09364010
09367000
09380000
09382000
09413700
09414975
09415000
09415060
09418700
11158600
11159000
11159500
11216200
11216500
11218400
11252275
11252975
11254000
364831114002301
364904113593701
0167892964
0204289994
02044500
02047500
02051000
02056900
02058400
02062500
03167000
03168000
03170000
03314500
03316000
03400500
03404820
03404900
03524000
03611260
07052250
07052345
07062500
07062575
07065200
07067000
07146500
07147900
07148111
07149000
07156900
07157500
07157740
07157940
07170990
07172000
07185090
07187000
07187600
07188000
07188005
08255500
08261000
08281400
09346400
09354500
09363500
09371000
09371010
09379200
09408195
09413500
11153000
11153650
11159200
11160000
11160500
11161000
11215000
11249500
11250000
11250110
11251000
0167862550
02046000
02053800
02059500
02060500
02064000
02065500
03171000
03208950
03277300
03280600
03280700
03281100
03307000
03309000
03315500
03320500
03399800
03406500
03611000
03612600
03613000
07021000
07037500
07050690
07050700
07052000
07052100
07052120
07052152
07052160
07062050
07065495
07066000
07066510
07124200
07124410
07151500
07184500
07185700
07185765
07186480
07186600
08251500
09349800
09353800
09379500
09381800
09403600
09404900
09406100
09408135
09408150
09410100
09413000
09413200
10270800
11169800
11169860
11214600
11237500
11238270
11239300
11241500
11242000
11245300
11246500
02039000
02039500
02040892
02041000
02041650
02042770
02054500
02054530
02054550
02054750
02055000
02055080
02055379
0205551460
0205551614
02056000
02056650
02061500
03173000
03175500
03177710
03208500
03209000
03209200
03209300
03277450
03277500
03306000
03306500
03308500
03311000
03311500
03316500
03383000
03407500
05600000
06918493
07020850
07022000
07037300
07061600
07061900
07145600
07145700
07147800
07170500
07170700
07184000
07185910
07186000
07186055
09342500
09361500
09362520
09371492
09371520
09372000
09405500
09406000
09408000
10270872
10270970
11162500
11162570
11169500
11230070
11230200
11230215
11237000
11243405
11243500
11244000
11244050
11260815
11261100
11261500
11262900
11274500
01670060
02038000
02038850
02040000
02042500
02055100
03176400
03176500
03177120
03178000
03207800
03207965
03208000
03209500
03212750
03212980
03213500
03305000
03310400
03316645
03318800
03319600
03384100
03384500
03385000
03612000
06918440
06918460
07036100
07061500
07064440
07064533
07126200
07126300
07126325
07145500
07169800
07183500
09166950
09352800
09361000
09404450
09408400
09409100
094156395
09415645
10270985
10271200
11164500
11169025
11172175
11173200
11230500
11231500
11271290
11271360
11273400
11274000
11274550
01484812
02017500
02018500
02019500
02024752
02025500
02025652
02026000
02036500
02037000
02037500
02037705
03177480
03179000
03202480
03210000
03213000
03280000
03281000
03281500
03282000
03282040
03310000
03310300
03319000
03319885
03320000
03384450
06917630
06918740
07035000
07035800
07061270
07061290
07120620
07126390
07126415
07126480
07144550
07144570
07145200
07166500
07169500
07183300
09166500
09352900
09359500
09413900
09415589
09415590
09418500
11162620
11162630
11162753
11172945
11172955
11173500
11173510
11173575
11173800
11174000
11176400
11179000
11179100
11180700
11270900
11274630
373507121472101
01669520
01673550
0167357970
02014000
02018000
02024915
02027000
02027500
02030500
02035000
03183000
03183500
03184000
03184500
03202400
03202750
03209800
03213700
03248300
03282060
03282120
03285000
03318010
03321350
03381700
03382100
05597500
06919000
06921070
06923250
06928300
06930000
07126485
07144300
07144325
07144330
07144480
07144486
07144490
07144910
07147190
07167500
09165000
09359080
09359082
10173450
10174500
10242000
10265150
11174600
11176500
11176900
11180500
11180825
11180900
11180960
11181000
11181008
11181040
11224000
11264500
11266500
11289000
11289500
11289650
11289651
11289850
11290000
11303000
11303500
01671020
01671025
01672500
01673000
0167300055
02012800
02013000
02013100
02016000
02016500
02022500
02024000
02029000
02030000
02034000
03185000
03203000
03203600
03211500
03212500
03214500
03282290
03282500
03283500
03284230
03284500
03284580
03286200
03286500
03300400
03301000
03301500
03301630
03321500
03322190
03322420
03382200
05599490
06917240
06917500
06917525
06917560
06918060
06919020
06919500
06921200
06923940
06928000
06928420
06930060
07010350
07017200
07020550
07139500
07143350
07143375
07144200
07144780
07146800
07147070
09171240
09337000
09337500
09358000
09358550
09359010
09359020
09378170
09378630
10265100
10287262
10287289
11182500
11284400
11300500
11301000
11302000
11302500
11312968
11313240
11460151
01484746
01484938
01661800
01669000
01671100
01674182
01674500
02011800
02012500
02020500
02021500
02028500
03182700
03185400
03198350
03284000
03284525
03284533
03284552
03287000
03297800
03298500
03298550
03303280
03304300
03322000
05597000
06917060
06919900
06920520
06921350
06921500
06923950
06925250
06932000
06933500
07013000
07014000
07017260
07017610
07020500
07138000
07138020
07138050
07138063
07138064
07138070
07138075
07139000
07142300
07143330
07144050
07144100
07165750
07183000
09123450
09171310
09328990
10287655
10287720
10287770
11274790
11276500
11276600
11276900
11277300
11278000
11278300
11278400
11299600
11299997
11304810
11311300
11312672
11312676
11313315
11313405
11460000
375350097262800
01626000
01626850
01670300
01670400
01674000
02011400
02011500
02031000
02032515
03190000
03199000
03206600
03215410
03249500
03250190
03287250
03287590
03287600
03288180
03288190
03289000
03289193
03289200
03294570
03294600
03295400
03295890
03298200
03298250
03298300
03298470
03302000
03302030
03302050
03302220
03378500
03378550
03381495
03381500
06917000
06918070
06918250
07119500
07119700
07120500
07121500
07124000
07128500
07130500
07133000
07134100
07134180
07134990
07137000
07137010
07137500
07140880
07140890
07140900
07141000
07142575
07143665
07143672
09124010
09146020
09168730
09172500
09333500
09417500
10287069
10287145
10287195
11297500
11298000
11298700
11312685
11313431
11313433
11313434
11313440
11313452
11313460
11336790
11336930
11337080
11337190
11455820
11459500
11460400
11460600
11460605
380249084295001
0148472405
01485500
01486000
01625000
01627500
01661500
01673800
02011460
02011470
02011490
02015700
02032250
02032640
03181949
03182500
03188900
03189600
03191500
03192000
03193000
03198500
03204000
03204346
03207020
03215000
03216350
03249505
03250000
03250100
03250322
03251900
03252300
03287500
03288100
03288110
03289300
03292500
03292550
03292555
03293000
03293500
03293551
03294550
03297980
03298000
03298100
03298135
03298150
03301900
03301940
03303000
03303300
03322011
05595240
05595730
05595765
05595860
06916600
06922500
06926000
06926080
07014500
07015720
07018100
07095000
07099969
07099970
07099973
07108900
07109500
07116500
07140850
07141200
07141220
07142680
07143310
07180400
07180500
07182510
08227000
09126000
09146200
09147000
09147025
09174600
10183500
10189000
11292700
11292900
11293200
11294500
11295240
11295250
11295340
11295910
11296500
11297000
11297200
11298650
11325000
11325500
11336600
11336685
11447890
11447903
11447905
11455315
11455335
11455385
11455420
11460750
381312104321001
01485000
01620500
01622000
01628500
01661050
01665500
01666500
01667500
01668000
03186500
03187000
03187500
03189100
03197950
03198000
03200500
03204500
03216500
03252500
03289500
03291000
03292470
03292474
03292475
03292480
03292494
03293510
03293530
03294000
03294500
03297900
03302849
03376300
03376500
03377500
03378000
03380000
03380500
05595000
05595200
05595700
05595820
06914000
06915800
06926290
06934000
07018500
07097000
07099400
07106500
07141300
07143300
07179795
07180200
07182000
07182200
07182250
07182260
07182390
07182395
09115500
09118450
09124500
09147500
09169500
09170800
09171100
09177000
09330000
09415558
10234500
10293000
10296000
11292000
11292615
11293760
11317000
11318500
11319500
11447830
11447850
11455140
11455143
11455146
11455165
11455276
11455278
11455280
11458000
11458500
11458600
11465660
11465680
11465700
382010121402301
01484695
0148471320
01490000
01621050
01660400
01660920
01664000
03196800
03197000
03197790
03201000
03201405
03206000
03216000
03216070
03250500
03290080
03290500
03302800
03373980
03374000
03374100
03374500
03375500
05593520
05593575
05594100
05594800
06910750
06911000
06914500
06921590
06921600
06926510
06927000
07010180
07010208
07016500
07017020
07019000
07019195
07019210
07019220
07019300
07019317
07093700
07094500
07096000
07099060
07099085
07099230
07099238
07106300
07141780
07141900
07142019
07179730
07179750
07179785
09114520
09119000
09127000
09128000
09183500
09183600
09185600
09328920
10296500
11293372
11293462
11293600
11314000
11314500
11315000
11315030
11316100
11316605
11316670
11316700
11316800
11335000
11336580
11336585
11447650
11454000
11454210
11455095
11456000
11458433
11465390
11465690
11465750
11466170
11466200
11466320
11466800
11467000
11467002
11467200
382628104493700
382629104493000
383103106594200
01484525
01605500
01607500
01629500
01632000
01632082
01656000
01658000
01658500
01662800
01663500
03067510
03180500
03194700
03195500
03196500
03196600
03197062
03205470
03216600
03217000
03237280
03251200
03251500
03253000
03291585
03302680
03373560
03373610
03379500
05593000
05593020
05594000
06865500
06866000
06870300
06910450
06910800
06911490
06912500
06913000
06913500
06915000
06921720
06935450
06935550
06935755
06935770
06935830
06935850
07010000
07010038
07010040
07010055
07010061
07010070
07010075
07010082
07010086
07010088
07010090
07010094
07010097
07019072
07019090
07019120
07019130
07019150
07019175
07019185
07091200
07096250
07099050
07105940
07106000
07179500
07179700
07179710
09110000
09112500
09113980
09114500
09185100
09329050
10194200
11313472
11313477
11313482
11313485
11315900
11333500
11446500
11446700
11446980
11447360
11463682
11463900
11463980
11464000
11465240
11465350
383619104520401
383926107593001
383946107595301
01484272
01487000
01632900
01633000
01653600
01655794
01661977
03151400
03217200
03238000
03253500
03277200
03291500
03343010
03346500
03371500
03373500
03373508
05514840
05592900
05593945
05594450
06860000
06862700
06862850
06863000
06864000
06864500
06866500
06906800
06911900
06914950
06914990
06927240
06934500
06935890
06935955
06935965
06935980
07001910
07001960
07005000
07010022
07010030
07010035
07105490
07105600
07105780
07105800
07105815
07105820
07105900
07179300
09112200
09113500
09128500
09129600
09136100
09144200
09144250
09149500
09179450
09180000
09328910
10245100
10297010
10297500
10302025
10308200
10308783
103087835
10308784
103087855
103087865
103087889
10308789
103087891
10308792
10308794
10310000
11425500
11436000
11436510
11436999
11439000
11439500
11439510
11439999
11440480
11440530
11440550
11443500
11444200
11444500
11446030
11446220
11452500
11452800
11452900
11452901
11453000
11453500
11463170
11463500
11465200
11467510
11467553
384037104472001
384047104510301
384048104504901
01484100
01488500
01492600
01594526
01631000
01645704
01645762
01646580
01651730
01651770
01651800
01651827
01652500
01652545
0165258890
01653000
01654000
01654500
01656903
03050000
03050500
03052120
03057300
03068000
03068800
03151600
03152000
03153500
03154000
03201500
03202000
03237500
03238495
03254480
03254520
03277130
03291780
03360500
03360600
03366500
05514705
05514860
05587498
05587900
05588000
05592800
06860900
06861000
06863420
06863500
06869950
06870200
06877600
06891260
06891500
06893080
06893100
06893150
06893350
06893750
06907700
06909950
06910230
06935997
06936475
06936530
07100300
07100750
07103100
07103700
07103703
07103987
07103990
07104000
07104905
07105000
07105500
07105530
09107000
09109000
09110990
09111250
09132500
09134100
09143500
09180500
09328500
10205030
10249300
10293500
10300000
10300600
10309000
10309010
10309035
103366092
10336610
10336780
10336790
11390890
11433790
11434500
11435100
11441500
11441800
11441900
11442700
11449500
11451000
11451800
11463000
11463200
11467590
385106106571000
385553107243301
01411400
01484085
01484235
01491000
01491500
01492500
01594440
01606000
01606500
01608000
01610400
01634000
01635500
01643700
01643880
01644000
01644280
01646000
01646305
01646500
01646502
01648000
01648010
01649190
01649500
01650500
01650800
01651000
03051000
03052000
03052450
03052500
03053500
03058000
03058020
03155000
03159540
03201980
03238745
03238772
03238785
03238798
03246500
03247041
03254550
03254693
03260050
03262001
03277075
03342000
03342500
03345500
03346000
03365500
03369500
03371600
03372500
05514500
05587450
05587455
05592500
05592575
06857100
06867000
06867500
06868200
06868850
06869500
06876900
06878000
06878600
06879100
06888500
06889630
06891000
06891080
06892350
06892360
06892493
06892494
06892495
06892513
06892518
06893300
06893390
06893400
06893500
06893557
06893562
06893578
06893820
06893830
06893890
06908000
06909000
07086000
07087050
07103780
07103784
07103791
07103792
07103797
07103800
07103960
07103965
07103970
07103980
09132095
09143000
09152500
09315000
09330500
09415510
10243260
10301115
10301120
10301720
10301742
10301745
10301755
10302002
10310400
10310407
10336645
11390500
11424000
11424500
11427000
11427760
11427770
11427960
11428400
11428800
11428995
11429500
11433065
11433085
11433300
11451715
11462500
385733119471504
385821104481601
385903107210800
01411415
01483625
01483700
01589500
01589512
01589795
01591610
01591700
01592500
01593450
01593500
01594000
01608070
01615000
01616100
01634500
01636316
01638350
01643590
01643805
01644148
01644375
01645000
01647850
01649150
03054500
03058500
03065000
03066000
03069500
03155220
03155588
03237020
03238140
03245500
03247500
03255000
03260015
03260100
03276650
03364650
03368000
03378635
05587060
05593900
06700000
06701620
06701700
06821250
06866900
06876440
06876700
06879650
06879810
06879815
06879820
06887500
06888350
06888990
06889000
06889500
06890900
06892000
06892950
06893000
06893060
06893590
06893620
06893970
06894000
06894650
06909500
07083000
07083200
07083710
09072550
09073005
09073300
09073400
09073791
09073891
09074500
09076000
09105000
09106150
09163500
09326500
09327000
10217000
10301500
10301600
10310500
10311000
10311100
10311200
10311300
10311400
10336660
10336674
10336676
10336715
10336730
10337500
11421000
11422000
11422500
11427500
11427700
11427750
11449206
11451100
11451292
11451300
11461000
11462080
11468000
01411300
01493000
01493112
01493500
01585175
01585219
01585230
01589000
01589025
01589035
01589100
01589312
01589315
01589316
01589317
01589320
01589330
01589352
01589485
01591000
01591400
01593370
01594950
01595000
01613900
01636464
01636500
01636690
01638420
01638480
01638500
01643395
01643500
01644371
01644372
01644380
01644388
01644390
03056000
03058975
03069880
03114350
03151000
03159500
03201902
03232300
03232470
03232500
03234000
03234300
03234500
03244936
03255300
03255349
03255390
03255420
03255500
03259000
03274615
03357000
03363900
03364000
03364042
03364200
03364500
03371650
05504800
05586647
05586745
05587000
05592100
06701900
06708600
06879805
06887000
06888300
06889200
06894200
06895000
06895500
06906500
07079300
07081200
09073721
09076300
09081600
09095500
09314500
09319000
10215900
10243700
10244950
10249280
10311700
10311750
10312000
10312020
10336698
10336700
10338000
10338500
10338700
10348460
10348520
11389500
11414170
11414200
11414250
11418000
11418500
11421710
11421770
11421780
11426190
11426195
11461500
01410500
01411955
01412000
01412080
01483155
01483200
01581757
01583800
0158397967
01584050
01585075
01585090
01585100
01585104
01585200
01585225
01586610
01589197
01589230
01589290
01589300
01589440
01595300
01595500
01595800
01604500
01608500
01616400
01616425
01616500
01618000
01619500
01636845
01636846
01637500
01642190
01642198
01642199
01643000
03056250
03057000
03061000
03070000
03075500
03231500
03232000
03274000
03276000
03276500
03341500
03358000
03360000
03362000
03362500
03363000
03363500
05506100
05506800
05507600
05592000
05592050
06696980
06708690
06708800
06709000
06712000
06821150
06821190
06856600
06873000
06873460
06874000
06876000
06876070
06888000
06889160
06891850
06896000
06906300
09041900
09044300
09044800
09046490
09061600
09063900
09064000
09078141
09078475
09079450
09080400
09081000
09317997
10219000
10312150
10339410
10340500
10343000
10343500
10344400
10344500
10344505
10346000
10348850
10349300
10349849
11406910
11406920
11408000
11408880
11409400
11413517
11414100
11414265
11414280
11414350
11414360
11414700
11416000
11416100
11416500
11416585
11416610
11416620
11416670
11416700
11468500
11470500
11471105
11471106
11471500
11472180
01411000
01411500
01412800
01482695
01580620
01580700
01581500
01581649
01581700
01581750
01581752
0158175320
01582500
01583100
01583500
01583570
01583580
01583600
01584500
01585500
01586000
01586210
01596500
01597500
01598500
01599000
01609000
01610000
01611500
01614000
01617000
01617800
01618100
03061500
03062225
03062245
03070260
03075825
03075850
03075905
03076100
03114500
03114650
03115400
03115786
03150500
03157000
03157500
03158510
03159000
03231000
03242050
03242350
03271620
03272100
03275000
03354000
03357500
03359000
03361500
03361872
05503800
05506350
05507800
05508805
05575500
05591200
05591550
06709530
06709740
06710150
06711515
06818300
06821080
06855850
06856000
06871500
06872500
06875900
06890100
06905500
06906000
09046600
09047700
09050100
09063000
09064600
09065100
09066000
09071750
09085000
09085100
09085150
10224000
10312275
10347310
10347460
10347600
10348000
10348036
10348200
10348245
10348295
10349980
10350000
10350340
10350500
10351400
10351600
11396000
11396200
11406810
11406880
11406890
11406900
11407000
11407815
11408550
11413000
11413320
11413323
393109104464500
01409280
01409400
01409416
01409810
01410000
01410150
01410787
01410810
01410820
01411456
01477070
01478000
01478650
01478950
01479000
01480015
01482100
01482170
01482220
01482500
01495000
01578310
01578475
01579550
01580000
01580520
01581810
01581830
01581870
01581920
01581960
01582000
01601500
01603000
01610155
01613000
01613030
01613095
01613525
01614500
01619000
01639000
01639500
01640975
03062445
03062450
03062500
03062998
03063000
03070500
03071600
03076500
03076600
03078000
03114280
03114306
03115644
03115712
03150000
03229796
03230500
03230700
03230800
03230900
03241500
03271207
03271300
03271500
03272000
03272700
03275600
03340900
03341300
033531908
03353611
03353620
03353633
03353637
03353638
03353800
03353910
03361650
03361850
03363220
03363400
05501600
05502000
05502020
05508000
05512500
05586100
05586300
05590950
05591700
06709910
06710000
06710247
06710385
06710605
06711040
06711500
06711555
06711565
06711570
06711575
06711590
06711618
06713000
06713300
06714400
06714500
06714800
06820500
06827000
06871000
06884400
06884700
06885500
06899700
06900800
06902000
09047500
09050700
09051050
09058500
09065500
09066200
09066300
09066325
09066510
09067000
09067005
09067020
09067200
09069000
09070000
09070500
09309600
09310700
10145400
10146000
10351300
10351650
11390000
11395030
11395200
11413300
11473900
11475560
394220106431500
394329104490101
394337079544201
01410784
01467359
01475001
01477050
01477120
01477800
01478100
01478120
01478137
01478185
01478220
01478245
01479800
01479820
01480000
01481500
01494850
01577500
01601000
03072000
03072655
03072656
03077100
03077500
03079000
03080000
03081000
03081500
03140853
03140900
03228039
03229500
03229610
03230450
03240000
03270000
03270500
03271000
03275500
03340500
03340800
03343400
03351201
03351310
03351350
03352500
03352875
03352953
03352988
03353000
03353120
03353451
03353460
03353494
03353500
03353600
033536062
03353670
03353700
03357330
03357350
03361000
05501000
05502300
05502500
05503100
05573540
05576000
05576022
05576250
05576500
05577500
05585500
05586000
05590520
05590800
06711770
06711780
06713500
06714000
06714130
06714215
06714360
06715000
06716100
06716500
06718550
06719505
06719560
06719840
06719845
06720000
06720460
06818000
06847900
06854500
06882510
06884200
06899680
06906200
09022000
09034900
09035500
09035700
09035900
09036000
09059500
09303400
09310500
10146400
10172870
10245960
10245970
10351700
11404330
11404380
11404500
394803088215001
394839104570300
01408500
01408900
01465850
0146587310
01465880
01466500
01466900
01467000
01467005
01467081
01467150
01467200
01474500
01474501
01474703
01475510
01475530
014755456
01475548
01475553
01475850
01476480
01477000
01480500
01480617
01480629
01480638
01480870
01481000
01573825
01573849
01574500
01575500
01576045
015765195
01576754
01576787
01613050
03073000
03073751
03074500
03111585
03111955
03113990
03140950
03141500
03141700
03141870
03144816
03145000
03147500
03149500
03221646
03227107
03227500
03229000
03230310
03263000
03266000
03267900
03268100
03269500
03351000
03351005
03351007
03351071
03351072
03351500
033521504
03353200
03353240
03353415
03353420
05500000
05576900
05579500
06720500
06720820
06814000
06846500
06848500
06853500
06853800
06854000
06884025
06897500
06901500
06906150
09024000
09025000
09025300
09026500
09027100
09032000
09032050
09032100
09032200
09033100
09056500
09057500
09060799
09302400
09303000
09303500
09304000
09304115
09306200
09306242
09306500
09312600
10147100
10172700
10322510
10322535
10322555
11389720
11389740
11389780
11389800
11401920
11403200
11404300
11405200
11475800
01408120
01408150
01464290
01464527
01465798
01467019
01467024
01467042
01467048
01467059
01467086
01467087
01473169
01473470
01473500
01473800
01473900
01474000
01480300
01480400
01480675
01480685
01480700
01559790
01560000
01571184
01574000
01575585
01575598
01576000
01576007
01576500
01576767
03073750
03074850
03082500
03111548
03112000
03125338
03142000
03144000
03144500
03145173
03145483
03145534
03146277
03146402
03146405
03146500
03226800
03228500
03262700
03264000
03265000
03267000
03274650
03336998
03337000
03337100
03337570
03339000
03339280
03339500
03348000
03348130
03348502
03349000
03350500
03350655
03350660
03350700
05497150
05498150
05498700
05572000
05578000
05578500
05582000
05583000
05585000
05590050
06720990
06721000
06727410
06727500
06730160
06730200
06813500
06815000
06820410
06821500
06823000
06823500
06824000
06824500
06827500
06844500
06845110
06847000
06847500
06852500
06853020
06882000
06896900
06899500
06900050
09019500
09032300
09032400
09032990
09033010
09033300
09034250
09037500
09038500
09041400
09058000
09272400
09285900
09304200
09304500
09304800
09306222
10149000
10149400
10149500
10150500
10322505
11379500
11381500
11383500
11401112
11401165
11402000
11405085
11405120
11474780
01407705
01407760
01408000
01408029
01460415
01463500
01463850
01463882
01464000
01464020
01464040
01464500
01464515
01464750
01464907
01464930
01464984
01465200
01465500
01467031
01472000
01472157
01472810
01473000
01562000
01564500
01570000
01570500
01571500
01573600
01573660
01573695
01573710
03044810
03074998
03075000
03075070
03075071
03083500
03085250
03111500
03111520
03125900
03126000
03126395
03126910
03129000
03140500
03143500
03146000
03220000
03220510
03221000
03228300
03228805
03262000
03262500
03266560
03336000
03336645
03336890
03336900
03338780
03339305
03347000
03348350
03349510
05495500
05496000
05578100
05578250
05578300
05580000
06724970
06730500
06730525
06814500
06817700
06828500
06835500
06836500
06837000
06838000
06883530
06884000
06896400
06901205
06904500
09014000
09014050
09015000
09019000
09021000
09041090
09237450
09288000
09288180
09295000
09295100
09301500
09302000
09306255
09306290
10153100
10163000
10172727
103225055
11399500
11400500
11468900
11475000
11476500
01401000
01405400
01407290
01407500
01460378
01460380
01460440
01460500
01462000
01462500
01463620
01463740
01464645
01464720
01470960
01471000
01471510
01471875
01472198
01472199
01563500
01564512
01567500
01568000
01571005
01573160
01573560
03040000
03040050
03040100
03041029
03045000
03045010
03084698
03085000
03085002
03127000
03127500
03127980
03127986
03127989
03128500
03138500
03140000
03225500
03228750
03260706
03261500
03261950
03325519
03335960
033483827
03349210
05474500
05495000
05570910
05579725
05584500
06741510
06759500
06811500
06813000
06819500
06834000
06843500
06881380
06883000
06897000
06898100
06904650
09010500
09013000
09237500
09277500
10172765
10322800
11376000
11376550
11377100
11469000
11476600
11480390
11480410
401723105400000
401733105392404
402004090030901
402114105350101
01397420
01398000
01401600
01401650
01401750
01402000
01402500
01402540
01402630
01405030
01406050
01451380
01451467
01458500
01459500
01460595
01460860
01461500
01470500
01470755
01470779
01472620
01556000
01559000
01563200
01566000
01567000
01572025
01572190
01573000
03041500
03042000
03042500
03043810
03044000
03047000
03049680
03049681
03049800
03049807
03049819
03084800
03085152
03085213
03085500
03085730
03085734
03110690
03110830
03119341
03119971
03119979
03120500
03121500
03122500
03136500
03139000
03219500
03324200
03333450
03333700
03334000
03334500
03335000
03335500
033356848
05490600
05568000
05568615
05570000
05580950
06614800
06736000
06739500
06754000
06817500
06881200
06899900
09238900
09239500
09240020
09242500
09244490
09246500
09247600
09251000
09260050
09261000
09276600
09279000
09292500
10155500
10156000
10157500
10164500
10165600
10166430
10172800
10335000
10356500
11372000
11374000
11376040
11376050
11376140
11376160
11376460
11477000
11477425
11477450
11478500
402913084285400
402958084363300
01310500
01311500
01379200
01395000
01396000
01396001
01396660
01396800
01397000
01398102
01398107
01399100
01399670
01399780
01399830
01400000
01400010
01400360
01400500
01403060
01403150
01403200
01403385
01403400
01403500
01403535
01403540
01403570
01403600
01403900
01451400
01451500
01451630
01451650
01451800
01452000
01452500
01453000
01455290
01457400
01457500
01468500
01555500
01558000
01564895
01565000
03038000
03042280
03048500
03049500
03049501
03049640
03049641
03086000
03086001
03108000
03108490
03108500
03110000
03120820
03120869
03120961
03121850
03124000
03124500
03131500
03131965
03131982
03133500
03217500
03223000
03223425
03322485
03322900
03326500
03329700
03332605
03333050
05525500
05567500
05568500
06746095
06746110
06752260
06752280
06770200
06803000
06810000
06819185
06881000
06898000
09246200
09260000
09261700
09266500
09267500
09289500
09291000
09292000
09296800
09299500
10154200
10155000
10155200
10167800
10168000
10168300
10319900
10322500
11370500
11370700
11372080
11372330
11376015
11376025
11479560
11525670
11525854
11528700
01305500
01306000
01306460
01306495
01306499
01306500
01308000
01308500
01309500
01309950
01309990
01310000
01378780
01379000
01379500
01379530
01392170
01392500
01393450
01393890
01393895
01394000
01394500
01394620
01396500
01396582
01398500
01399500
01446775
01446776
01446995
01451000
01454700
01457000
01467471
01467492
01557500
03039000
03039035
03039036
03039040
03039041
03048900
03049000
03107500
03109500
03117000
03117500
03118500
03130000
03131122
03131300
03135000
03324300
03325000
03327000
03327500
03328500
03329000
03332555
04180988
04181049
04181120
04185935
04187100
04188252
05474000
05490500
05494300
05523865
05524546
05560500
05561500
05563500
05569500
06751490
06768000
06768020
06768025
06768035
06769000
06769525
06803080
06803093
06806500
06807000
06817000
06880800
06904010
10128500
10129300
10129500
10129900
10133600
10133650
10133800
10170490
10170500
10171000
10172200
10172371
10316500
10320000
10321000
10321590
10322000
10322150
10323425
10325000
10333000
11355500
11372350
11525500
11525530
11525630
11525655
11526250
11526400
11526500
11527000
404417108524900
01302020
01302500
01303000
01303500
01304000
01304500
01305000
01378560
01379700
01379845
01380100
01380450
01381000
01381400
01381500
01381800
01381900
01381940
01382000
01388700
01388910
01389005
01389010
01389492
01389500
01389534
01389550
01389802
01389890
01391500
01392170
01396085
01399190
01399200
01445500
01446000
01446500
01449000
01449360
01449800
01450020
01450500
01455500
01469500
01541000
01546400
01546500
01547100
01553990
01554000
01555000
03034500
03036000
03036150
03036151
03036500
03036501
03086500
03105500
03106000
03106500
03118000
03118131
03118299
03129197
03323500
03324000
03324500
03332345
04181500
04181635
04181755
04188324
04188337
04196000
04196500
04196800
05473400
05524500
05525000
05554000
05554500
05559600
05563000
06751150
06770500
06772100
06803170
06803300
06803486
06803495
06803500
06803502
06803510
06803513
06803520
06808500
06903700
06903900
09234500
10130500
10131000
10133980
10134500
10172630
10321925
10321940
10321950
10324500
10328000
11358700
11365000
11481000
11481500
01209901
01212500
01367625
01376500
01377000
01377370
01377451
01377500
01378500
01379773
01379780
01382210
01382385
01382500
01382800
01387000
01387905
01387940
01388000
01388100
01388500
01389765
01390450
01390500
01391000
01391102
01440200
01441495
01442500
01442760
01443500
01443900
01445000
01445160
01447680
01538000
01538700
01540500
01541200
01541303
01541500
01547200
01547400
01547500
01547700
01553240
01553500
01553700
01553850
03032500
03033000
03033001
03033215
03033289
03034000
03090500
03099500
03104490
03104500
03106300
03115917
03116077
03116192
03138791
03328000
03331753
04182000
04186500
04188100
04188400
04188433
04188496
04189000
04189131
04189174
04189260
04190000
04197100
05468500
05469000
05473450
05489500
05520980
05522500
05526000
05568800
06620000
06623800
06784000
06801000
06803530
06803555
06804700
06805000
06805500
06805600
06809500
06903400
09217900
09218500
09220000
09229500
09253000
09255000
09257000
10011500
10132000
10142000
10318500
10324700
10327500
11342000
11351700
11351945
11351946
11351948
11354500
11355010
11359120
11359200
11361000
11361450
11362500
11362880
11362890
11362940
11362945
11363000
11363930
11368000
11481200
11530000
410014081362600
410121081330300
410333095530101
01208873
01208950
01209500
01209700
01209710
01209761
01367770
01367800
01368820
01376800
01383500
01384500
01385000
01386000
01387400
01387420
01387450
01387500
01439500
01439680
01440000
01440400
01440485
01443250
01443280
01447500
01447720
01447800
01539000
01542500
01545800
01547950
01548005
01553025
03030500
03030852
03031500
03031624
03031882
03091500
03092090
03092460
03098600
03098700
03331500
03332349
04180500
04182769
04182808
04182830
04182900
04182950
04183000
04183038
04183500
04191058
04191378
04191444
04197137
04197152
04197170
04206000
05465500
05465700
05466500
05467000
05518000
05520500
05558300
06610505
06610786
06610788
06610793
06610795
06764880
06772775
06781900
06796550
06803420
06803430
06804000
09258980
10132500
10136500
10136600
10317500
11353700
11367500
11367760
11367800
11523200
410433081312500
15297610
15058700
15072000
15068040
15081497
15086225
15008000
15015595
15019990
15024800
15087700
15087810
15088000
15087618
15295700
15297475
15101490
15052000
15052800
15108800
15052500
15057596
15041200
15055500
15129120
15056500
15129300
15056210
15129500
15238648
15238990
15238986
15239001
15239050
15239060
15239070
15239900
15300300
15302200
15302250
15302000
15238450
15238500
15237730
15236895
15236900
15243900
15215900
15237030
15258000
15260001
15261000
15266110
15266300
15214000
15219000
15271000
15272502
15225996
15225997
15226620
15227090
15274600
15275100
15276000
15209700
15212000
15278000
15280999
15281000
15283700
15284000
15290000
15294005
15304000
15304010
15565447
15294080
15303900
15292780
15292700
15200280
15292000
15478038
15478040
